3
4
2 2
2 2
1
1 8 8
0.0832
-0.0093407 0.0237803 0.0808971 -0.0726788 
0.093
-0.132938 -0.261377 0.33668 -0.175365 
0.0315
-0.134752 0.286863 -0.115539 0.103298 
0.0496
-0.16743 0.207148 -0.132388 -0.581385 

6
2 2
2 2
1
4 4 4
0.0343
-0.0143065 -0.0224161 -0.0420952 0.343367 0.0919546 -0.0940615 -0.0355514 0.290229 -0.0161433 0.00445689 0.171142 0.176577 0.472875 0.105934 -0.068675 -0.443473 
0.0055
0.141608 -0.107513 0.0855102 -0.107226 0.16906 -0.182517 0.18005 -0.224171 -0.0376229 0.106309 0.194281 0.296909 0.487286 0.472029 0.014986 -0.268065 
0.0769
0.234446 0.174892 0.255206 0.10873 0.0320445 0.0717513 0.134161 0.0627603 0.149557 0.0924625 0.0974286 0.281576 -0.00674817 0.467378 0.209684 0.0580246 
0.0534
0.183668 0.203943 0.194877 -0.0170945 0.204528 0.315545 0.609145 0.112751 0.037175 0.135607 -0.153951 -0.0621211 0.0522062 0.026656 0.624579 0.146074 
0.0667
0.211822 -0.0886581 0.134255 0.172234 0.194226 -0.420034 0.118163 0.455169 -0.0327798 0.165902 0.208564 0.0182297 0.530688 0.0999292 0.0511935 0.267449 
0.0059
0.263436 0.0688193 0.302419 0.225678 0.270067 -0.368915 0.0482823 -0.0940983 0.407469 0.267872 0.38846 0.503406 -0.250735 0.129221 -0.323403 0.551407 

10
2 2
1 1
1
6 2 2
0.0276
0.210237 0.0977526 0.00213691 -0.0752203 -0.144392 -0.142278 -0.242812 -0.0466615 -0.30824 0.554095 0.458214 -0.343128 -0.337721 -0.197953 0.401242 0.0730893 0.384989 -0.3009 -0.59039 0.276602 0.269499 -0.203125 -0.576043 -0.0418873 
0.0271
0.240476 -0.363312 -0.409068 0.175103 0.617861 0.175603 0.211814 0.682814 -0.0451289 -0.12793 -0.0777757 -0.16287 -0.35871 0.126966 0.348065 -0.121228 -0.0652115 -0.120886 0.144587 -0.262087 0.489643 0.28413 0.123917 0.577962 
0.0584
-0.353343 0.393769 0.380686 0.916872 -0.658414 0.0385907 0.0309256 0.559848 0.0563703 -0.169941 -0.4547 0.16371 0.300111 0.275889 -0.164987 -0.510787 -0.250537 -0.163861 -0.156696 -0.151725 0.319342 0.327089 0.371283 0.484911 
0.0425
-0.639269 -0.308398 0.243124 -0.319246 0.106324 0.239744 0.0942037 -0.583831 0.459126 -0.0310693 0.556803 -0.139051 0.113936 0.175504 -0.320947 0.0949193 -0.0129687 -0.34869 0.0415875 -0.0469793 0.196924 0.084211 -0.267625 -0.214126 
0.0195
0.192452 0.971166 -0.267788 0.191129 -0.200273 0.191282 -0.577103 -0.13157 0.0263839 -0.19663 0.241622 0.523059 -0.131426 -0.108474 -0.413697 0.494296 -0.164766 0.0692004 0.125876 -0.554885 0.422426 0.243231 0.284339 0.472877 
0.0037
-0.0305628 -0.102512 0.357151 -0.204773 -0.0993314 -0.210125 -0.135671 0.0498228 -0.392513 0.483645 0.510416 0.401916 -0.518013 0.186005 -0.26151 0.205046 -0.109195 0.312363 0.201036 -0.0860323 -0.376074 -0.237847 -0.0865316 -0.0600934 
0.0777
0.44642 -0.0875868 -0.276167 -0.0770595 0.160747 -0.368678 0.275166 -0.70888 -0.0954016 0.516495 -0.678273 -0.475682 0.360045 0.278025 0.447851 -0.232524 0.364864 0.677672 0.0126498 0.205142 -0.168818 -0.292708 0.0899568 -0.658148 
0.0515
-0.216818 0.347713 -0.179667 0.337868 -0.0997465 -0.437895 0.498651 -0.362321 0.0635715 -0.297726 -0.683164 1.03762 0.614694 -0.128783 0.102857 0.335843 0.236653 -0.212807 0.148397 0.0775603 -0.0412102 -0.170396 0.436776 -0.520138 
0.0653
0.122302 -0.44091 -0.188888 -0.222496 0.323156 -0.108978 0.419028 0.197506 -0.250006 0.187933 -1.10252 0.0221984 0.22107 -0.12468 0.0499334 -0.149913 -0.38154 0.0279487 -0.0727319 0.0656382 -0.455305 0.0335336 -0.226919 0.456486 
0.0302
0.433644 0.106377 0.290744 0.302446 0.100775 0.190388 -0.131939 -0.363159 -0.108205 -0.309814 0.515372 -0.270909 0.132489 -0.411271 -0.00332561 0.00211278 -0.361688 -0.0331757 0.0323453 0.261063 -0.342182 0.304755 0.0337346 -0.240585 

