3
4
2 2
2 2
1
1 8 8
0.258739
0.00489535 -0.883928 -0.295341 -0.358942 
-0.0545843
0.831717 -0.286208 0.344102 -0.1489 
-0.269377
0.0774701 -0.0500503 0.0235944 0.632343 
0.0873472
0.066696 -0.299041 -0.0382349 -0.035009 

6
2 2
2 2
1
4 4 4
0.219192
-0.07926 0.0706924 -0.0829199 0.223738 0.0486389 0.243602 -0.0564738 -0.164525 0.106102 -0.202496 0.234859 0.225432 0.157052 -0.0535063 -0.0853948 0.258321 
0.122617
0.183586 0.130822 0.0842497 -0.0465978 0.0865605 0.453504 0.150195 -0.362509 0.2647 -0.0569177 0.112558 0.409282 0.136629 -0.0416666 0.00829093 0.140442 
0.47073
-0.113356 0.400389 0.0501774 -0.0329932 -0.0164147 0.318902 -0.128211 0.00816566 0.609999 0.134019 0.560079 -0.666628 -0.0134643 0.0782359 0.182934 -0.307572 
0.225892
-0.0137565 -0.294841 -0.218299 0.152518 -0.0659641 -0.235052 0.138817 -0.411689 0.503001 0.128795 -0.0700558 -0.213138 0.0652144 0.0100304 -0.287154 0.364597 
0.197121
0.0197092 -0.0178685 -0.0990497 -0.348701 0.215422 -0.513696 0.0762467 -0.593393 -0.643298 -0.0433704 0.645949 -0.290221 -0.103623 -0.0391057 0.157403 0.240289 
-0.207926
-0.205195 -0.277935 -0.501314 -0.553532 0.0236686 0.0573849 -0.0437607 0.158074 -0.187889 -0.0615117 0.592619 0.278165 -0.259845 -0.0984448 -0.0276208 0.248972 

10
2 2
1 1
1
6 2 2
0.421072
-0.0781194 -0.438625 0.208986 0.505087 -0.342405 0.385145 -0.0427298 0.514843 0.129722 0.127932 0.127542 -0.569707 0.234163 0.126847 -0.718249 -0.0836754 0.168283 -0.284366 -0.258901 -0.134796 0.0919345 0.109532 0.00122956 0.020331 
0.185073
-0.0814374 -0.235973 -0.172423 0.189859 0.14234 0.0661658 0.0567872 0.552723 0.0171271 -0.132073 -0.00572641 -0.416043 -0.251365 0.466547 -0.0590354 0.109127 0.325824 -0.106537 0.0825789 0.273749 0.125722 -0.0644694 -0.264893 0.182169 
0.541874
0.0166301 0.0649245 -0.4097 0.332962 0.0214668 -0.0100441 -0.154253 0.340782 0.408378 -0.348189 0.166748 -0.695887 0.125 -0.122623 -0.088377 -0.0340118 -0.220213 0.121375 0.0230144 0.440551 -0.108391 0.147714 0.333246 0.412691 
0.0355473
0.0438025 -0.221609 0.707737 -0.176073 0.290111 0.24777 -0.246343 -0.326508 0.00611921 -0.392199 0.138328 0.194417 0.297052 0.273031 -0.208235 0.492178 0.0798827 -0.0920423 0.401566 -0.237547 -0.298373 -0.0208853 0.153403 -0.00585975 
0.444662
0.0541834 0.304453 -0.0840844 -0.430184 -0.0152654 -0.0695936 0.163873 0.409132 0.21694 -0.540875 0.239042 0.0793213 -0.127424 -0.410541 0.648684 0.239249 0.00867759 0.386158 -0.17967 -0.116189 0.0591539 0.2333 0.0083862 -0.070157 
-0.516689
0.220279 0.411286 0.273309 -0.395175 0.140826 -0.343282 -0.119741 -0.00161577 0.0417638 0.946418 0.0355791 0.129102 -0.171474 -0.437429 -0.108853 0.163162 -0.202064 0.0576399 0.369471 0.095863 0.133921 -0.634768 0.110042 -0.210853 
-0.149463
-0.139092 0.0990938 -0.405602 0.187252 -0.317837 0.287999 0.383526 -0.986986 -0.12399 -0.0894524 -0.128249 0.362266 -0.172769 -0.396418 0.137298 -0.173579 0.157477 -0.120157 -0.133638 -0.203228 -0.184406 -0.208431 0.123973 0.0839919 
0.149201
0.0781842 -0.546052 -0.526392 -0.452763 0.0652932 -0.010514 0.54459 -0.0511443 -0.0543293 0.2592 -0.0924618 0.637398 0.125639 -0.0563921 0.286301 -0.651843 -0.00295535 -0.243909 0.0318462 -0.168504 -0.262677 0.31337 0.0519879 -0.37155 
-0.299896
-0.131241 0.497004 -0.222454 0.437149 0.109596 -0.425942 -0.0249192 0.0555195 -0.345506 -0.0102888 -0.431116 0.116032 -0.093413 0.394816 0.299316 0.121919 -0.113633 -0.031802 -0.49025 0.292087 0.172659 -0.181425 -0.231494 -0.0779934 
-0.226126
-0.0482285 0.528912 0.671419 0.323378 0.0113279 -0.225219 -0.409247 -0.614774 -0.139079 0.193835 -0.0212743 0.275256 -0.0493559 0.0808246 -0.0452736 -0.366026 -0.235589 0.358648 0.170952 -0.222668 0.304484 0.248107 -0.297093 -0.0870386 

