3
6
4 4
4 4
1
1 8 8
0.0247
0.0881 0.156936 0.284333 -0.135318 0.0282054 0.158232 -0.0194141 -0.246501 0.229383 -0.131386 0.0253004 -0.15789 0.0969998 -0.149647 0.0719299 0.39755 
0.0944
0.09 0.303568 0.374037 -0.107262 0.195523 0.334828 -0.246296 -0.0957193 0.266596 -0.0611152 -0.0516424 0.198354 0.094222 0.396575 0.188084 -0.280879 
0.0404
0.0805 0.0932886 -0.0612627 -0.173565 0.109777 0.0978153 -0.377855 -0.256691 0.201491 0.129663 -0.158641 0.330658 0.119753 0.433018 -0.274103 0.212813 
0.0834
0.2147 0.172227 -0.207723 -0.326426 0.138514 -0.492271 -0.436475 0.092238 0.0183627 -0.0133995 0.485873 0.384128 0.189284 0.353919 0.75786 0.370489 
0.0935
0.2657 0.299968 0.44847 -0.255988 0.188151 0.180499 0.382649 0.159103 0.207065 -0.108877 -0.128454 -0.249058 0.142555 -0.0718155 -0.125146 -0.0666428 
0.0567
0.0036 0.0762166 0.317283 -0.480303 0.191599 0.3982 0.00926358 0.101114 0.120722 0.342633 0.596185 0.124434 0.0607623 0.268613 -0.231487 -0.161099 

10
2 2
1 1
1
6 2 2
0.0573
0.379379 -0.0963821 0.00838441 -0.120328 -0.138042 -0.305638 -0.254878 0.038547 -0.167326 -0.0637028 -0.498446 0.471509 -0.117356 0.0436718 -0.317189 0.223503 0.281635 0.555461 -0.0756145 0.539772 0.178289 -0.463428 -0.0116923 -0.41449 
0.0173
0.0922474 0.548005 -0.0859349 1.01195 0.372735 -0.269178 0.00569838 -0.209043 0.430332 0.300542 0.244154 0.850244 -0.34184 0.332378 -0.0600277 0.243971 -0.00606491 -0.463704 -0.28222 -0.496686 0.273819 -0.0597574 0.143511 -0.113507 
0.0856
0.835811 -0.728799 0.317937 -0.168655 0.196661 -0.251865 -0.240483 0.202757 -0.155365 0.243874 0.148458 -0.417643 0.458594 0.196935 -0.571846 0.0557866 0.0766869 0.200855 -0.488736 -0.0228544 0.372793 -0.37033 0.0913875 0.316411 
0.0092
0.143748 -0.129447 0.849769 -0.113047 0.0336873 0.553809 -0.285884 0.0167652 0.134887 -0.216878 0.200779 -0.0590802 -0.0314448 -0.231752 -0.0326256 -0.513795 0.402423 0.203286 -0.227262 -0.230017 0.278697 -0.154508 0.124365 0.191512 
0.096
-0.0332177 -0.0739677 -0.0311362 0.265735 0.135907 0.512998 0.171413 0.550097 -0.0914532 -0.549334 -0.233694 -0.15325 -0.121854 0.13869 -0.220311 -0.254376 0.315633 -0.00505955 0.127343 0.493057 -0.0145857 -0.294242 -0.0712797 -1.01705 
0.0669
-0.0904964 -0.540798 -0.362368 0.629005 0.40124 0.926568 0.408541 0.489473 -0.350655 -0.313874 -0.21972 -0.0932736 0.349047 0.626459 -0.0835238 0.0491104 0.248272 -0.220969 -0.390457 -1.15246 0.318027 0.163873 -0.0874852 -0.729978 
0.0915
0.00204053 -0.10517 -0.262227 0.0491523 -0.0323516 -0.437024 0.425059 0.400793 -0.385088 -0.325353 0.242613 -1.06753 -0.709552 0.63984 -0.453758 0.0679738 -0.0437753 -0.285318 -0.121692 0.430657 -0.0334526 0.540173 0.320262 0.681438 
0.0836
0.335122 -0.202557 -0.188183 -0.575188 -0.625462 -0.127619 -0.248943 0.205187 -0.444466 0.269809 -0.156721 -0.65639 0.0957622 0.0536395 -0.608021 0.0187978 0.132972 -0.236125 -0.458823 -0.329565 -0.180028 1.21288 -0.20249 -0.0561385 
0.0613
0.428037 0.418982 0.429479 -0.215391 0.326242 0.110713 0.422117 0.550545 0.316158 0.356751 0.693771 -0.787433 0.159452 -0.0183048 -0.222328 -0.152639 0.0455442 0.0952464 -0.599176 1.23505 -0.416357 -0.487357 -0.354268 -0.641739 
0.0081
-0.2293 0.0509214 -0.475823 -0.43076 0.291092 0.0558108 0.718391 0.0109799 -0.811684 -0.265554 0.0925738 -0.732514 -0.0707042 0.195306 -0.0267088 0.43928 0.146991 1.25898 -0.345414 -0.0785513 -0.177363 -1.10454 -0.0362369 0.123005 

10
1 1
1 1
1
10 1 1
0.0765
-0.362421 -0.217717 -0.184435 0.255704 -0.0620389 0.193503 0.0944601 -0.234121 -0.222838 -0.206246 
0.0781
0.031163 0.162607 -0.15205 -0.286767 -0.226896 -0.00237454 -0.253419 -0.094853 0.151556 -0.190508 
0.0196
0.247593 0.371271 -0.160719 -0.0218467 -0.3191 0.25886 0.135823 0.00610658 -0.26344 0.194095 
0.0049
0.204353 0.089106 -0.269983 0.282094 -0.244707 -0.243146 0.218458 -0.0405401 0.205003 -0.0175588 
0.0033
0.170505 0.0175493 0.0956956 -0.3132 0.289298 0.134807 0.219697 -0.201099 0.0655452 -0.276284 
0.008
0.213133 -0.233882 0.116638 0.34328 -0.0486197 0.235668 -0.210293 -0.287124 0.256036 0.138604 
0.0431
0.208244 -0.429963 0.0965193 -0.304493 -0.200318 -0.188043 0.121818 -0.273558 -0.0351409 0.157529 
0.0201
0.134998 -0.287191 -0.402997 -0.151768 0.168085 0.238214 0.117026 0.143245 0.215621 0.11936 
0.0061
0.470021 -0.136689 -0.125272 0.065724 -0.142041 0.0693663 -0.176209 0.12529 -0.0879122 -0.290366 
0.0216
-0.0619713 -0.184267 0.339338 0.135551 -0.403494 0.195923 0.190398 0.282423 0.172999 -0.0650068 

