4
4
2 2
2 2
1
1 8 8
0.0858
-0.12961 -0.133688 -0.0649079 0.251047 
0.0889
-0.679739 0.166883 0.0799029 -0.337486 
0.0627
0.0298087 -0.318061 0.333918 -0.439551 
0.0018
0.151852 -0.0901492 -0.521537 -0.0480172 

6
2 2
2 2
1
4 4 4
0.0474
0.214167 0.0547048 0.200882 -0.0401869 0.162915 -0.040943 -0.00933874 0.21694 -0.0123937 0.0571982 -0.209444 -0.0609178 0.285606 -0.00743937 0.190092 0.373995 
0.0726
0.445725 0.0644655 0.135521 0.033883 -0.030878 -0.0425424 0.224853 -0.0095253 -0.132697 0.171514 0.176525 0.409327 0.354372 -0.0723177 0.224263 0.472406 
0.0686
0.308561 0.224783 0.137467 -0.0399941 0.326108 0.299533 0.263504 0.474054 0.175285 -0.21 0.398083 0.192362 0.0201811 -0.198161 -0.0976037 0.414092 
0.0565
-0.109348 0.000663611 -0.203784 0.362395 0.169109 0.540159 0.118447 -0.330609 0.340584 0.121849 0.452535 -0.0869969 0.102515 -0.0154501 -0.0750259 0.0813787 
0.0141
0.0433125 -0.190042 0.171252 0.356055 -0.0826313 0.097713 -0.0291233 0.131551 -0.147678 0.201753 0.324049 -0.254733 0.136088 -0.0675975 0.238105 0.212204 
0.0632
0.26904 0.0759648 0.390029 -0.210916 0.213495 0.382144 0.0373302 0.0910071 0.287836 0.0316942 -0.0721127 -0.150284 0.239962 0.419105 0.206994 0.0892006 

10
2 2
1 1
1
6 2 2
0.0153
0.148436 -0.0783254 -0.21687 0.510849 0.00558805 -0.189507 0.389129 -0.365335 -0.0722806 0.0811176 -0.176043 0.228057 -0.0571326 -0.170152 0.625626 -0.0634649 0.270008 0.341266 0.211184 -0.402075 0.0103415 -0.0975132 0.0708902 -0.25871 
0.0355
-0.293275 -0.00571455 -0.0818328 -0.313186 0.123545 0.366896 -0.040138 0.148607 -0.37522 0.117635 0.165259 0.224 0.21438 -0.12229 -0.110268 0.00863551 -0.0341003 -0.0619026 -0.200764 0.0897095 -0.514836 -0.185262 -0.19351 0.112975 
0.0801
0.150548 -0.0137418 0.198541 0.19994 0.15425 -0.315907 -0.232675 -0.209193 -0.0941772 0.3773 -0.0645096 -0.0818417 -0.360149 -0.132959 -0.0923157 -0.0455799 0.242918 0.523602 -0.0773092 0.205547 -0.122885 -0.292668 0.603821 0.136615 
0.093
-0.263301 0.270318 0.343878 0.0460563 -0.308693 -0.247659 0.585217 -0.188131 -0.434884 -0.178143 -0.146428 0.356137 -0.17762 0.133232 -0.0169887 -0.227485 0.0136348 0.0777023 0.196299 -0.226083 0.014228 0.358262 0.693579 -0.396778 
0.0653
0.175501 0.08801 -0.129369 -0.474566 -0.276805 0.147412 -0.188192 0.0197125 0.219686 0.266133 0.0961943 0.0543336 0.220129 -0.219696 0.0242763 -0.328421 0.437138 0.0431231 0.346459 0.562002 0.151004 -0.262527 -0.382863 0.0291998 
0.0089
0.475803 -0.673033 0.160044 -0.0685898 0.421283 0.170614 0.247352 -0.423315 -0.0126546 -0.0706353 -0.320472 0.0453959 -0.612721 0.242441 -0.186951 0.00172288 -0.0731977 0.443612 -0.158983 0.51016 0.17541 0.4108 -0.154871 -0.313287 
0.0735
-0.102247 -0.177952 -0.292298 0.711236 0.104253 0.0714266 -0.427523 0.197733 0.346629 -0.299699 0.0268531 -0.367777 0.165575 0.0246142 0.274949 0.38171 -0.507792 -0.228592 -0.117327 -0.778117 0.208599 0.164255 -0.5953 0.445823 
0.0696
0.282737 0.48591 0.207936 0.342613 0.384537 -0.449307 0.365009 -0.789864 -0.124882 -0.087819 0.264113 0.0792272 0.137743 0.26666 0.0548153 0.0832525 0.0461493 -1.09444 -0.511257 -0.207777 0.133348 -0.166007 -0.0811034 0.0581083 
0.036
-0.149469 0.421877 0.141389 0.0103877 -0.298313 0.149438 -0.493779 -0.322054 -0.397124 0.579261 0.41612 -0.0478507 0.284835 0.0306572 0.224536 -0.0601738 -0.0987872 0.436089 -0.246565 -0.349235 0.453307 -0.239162 -0.606525 0.0346493 
0.0725
0.0404897 -0.225213 -0.291629 1.02843 -0.418253 0.0226087 0.0695649 -0.65059 -0.31772 0.0900566 0.00743182 0.130693 -0.23606 -0.578559 0.177734 0.0673962 -0.421541 0.188599 0.353732 0.370077 0.220441 0.13355 -0.0510886 0.354026 

10
1 1
1 1
1
10 1 1
0.0626
0.394074 -0.144342 -0.440571 0.166004 0.0129334 0.414617 0.555983 -0.22363 -0.447809 0.585972 
0.0252
0.0905289 -0.281375 0.423022 0.466214 0.510418 0.0171542 0.244574 0.39378 0.429295 0.393935 
0.0657
0.191829 -0.044218 0.666579 -0.020212 -0.149715 0.356967 0.737346 0.649237 0.198617 -0.155714 
0.0304
0.571023 -0.24741 0.464729 0.09952 0.271588 0.0400987 -0.369697 -0.497633 -0.493339 -0.563011 
0.0775
-0.606084 0.150879 -0.204784 0.539898 0.5685 0.582046 -0.3899 0.407949 -0.126219 -0.246059 
0.0106
-0.0756841 0.582133 0.699698 0.429415 -0.0598772 0.2521 -0.152981 -0.547935 -0.0183964 0.372589 
0.0428
-0.350532 -0.0952378 -0.478944 0.113633 0.014617 0.0861963 0.718312 -0.667705 0.592312 -0.440348 
0.0263
-0.800172 0.433364 0.494054 -0.331922 1.01052 -0.14363 0.524561 0.195509 -0.482311 0.105319 
0.0216
0.409613 0.754013 -0.284817 0.0451147 0.474435 -0.18187 0.334659 0.425265 0.387324 -0.163722 
0.0652
-0.137143 0.313783 0.0974083 0.595385 -0.27269 -0.782674 -0.0306023 0.240034 -0.349558 -0.22381 

