2
6
4 4
4 4
1
1 8 8
-0.24239
0.2592 0.100588 -0.0201975 -0.050025 0.285975 0.224294 0.296996 0.212307 0.164194 0.0586686 -0.0212992 -0.202233 0.18324 -0.193157 -0.0184115 0.133004 
-0.3351
0.242 -0.000993648 -0.0382795 0.0558098 0.258918 -0.157666 -0.179643 -0.122929 0.0692594 0.195369 0.137856 0.219762 0.174237 0.192262 0.164727 0.406176 
-0.187095
0.2355 0.197298 0.112365 -0.187528 0.194184 0.118085 0.117269 -0.21151 0.24889 -0.128995 0.310964 -0.305064 0.268183 -0.321237 0.041762 0.410503 
-0.210427
0.0839 0.0850978 0.366022 -0.216352 0.0495193 0.155332 -0.0533118 0.149551 0.280059 -0.187921 0.129046 -0.0525773 0.201548 0.200618 0.312165 -0.118311 
0.283082
0.0836 0.395491 0.336594 -0.42379 0.125832 0.562258 -0.19462 -0.113172 0.130269 0.259849 -0.0398309 0.328054 0.276385 0.474118 -0.280993 -0.128298 
-0.346198
0.1573 0.148497 0.395745 -0.323055 0.0290637 -0.115241 0.152494 0.139601 0.281824 0.267239 0.479916 0.162325 0.0572239 0.123235 -0.0367492 -0.164441 

10
2 2
1 1
1
6 2 2
0.0982237
0.0799451 0.614587 -0.300067 -0.0807222 0.0249849 0.140424 -0.088226 -0.382143 -0.303521 -0.439646 0.442827 -0.167517 0.07282 -0.246223 -0.131918 0.253925 -0.0492238 0.0139669 0.140887 -0.00590473 0.1904 -0.057056 0.314124 -0.139608 
0.0951588
-0.505327 0.349506 -0.204517 0.0471353 0.401695 -0.222704 -0.0268954 0.290736 -0.0861417 -0.136462 0.0836138 -0.0956374 -0.0482655 0.452609 -0.085111 0.0391998 0.0626393 -0.038077 0.0352 -0.221409 -0.0820112 -0.223029 0.151959 -0.0911556 
0.142513
0.0110418 -0.204689 0.422859 -0.712139 -0.42348 0.263096 0.555885 0.699258 0.0587752 0.177603 -0.270398 -0.138911 -0.00345371 0.000440493 -0.0363409 0.382034 0.250222 -0.149475 0.110222 0.173826 0.216898 0.0202411 0.0872375 -0.16671 
-0.089115
-0.0110977 0.0867434 -0.441662 0.570872 -0.343826 0.0116895 0.0645015 -0.156339 -0.0342188 0.421873 0.345551 -0.0699376 -0.185734 -0.287692 0.125257 -0.151398 0.197776 -0.265677 -0.0787617 -0.022818 -0.28428 -0.0227123 -0.134698 0.378895 
0.154887
-0.158213 -0.576356 0.752005 0.0961757 0.122758 0.564077 0.0040492 -0.072417 0.0547415 0.153859 -0.13591 0.347931 0.17823 0.2119 0.0902631 0.175268 0.145578 -0.243685 0.274334 0.0102952 -0.0581597 -0.148615 -0.428861 -0.316287 
-0.298841
0.0880814 -0.593661 -0.227377 0.22364 0.200487 -0.40429 0.148578 -0.309018 -0.0274509 0.755236 0.185524 -0.0020647 0.217842 -0.134694 0.332749 0.170106 0.0918771 0.829661 0.0665641 -0.195602 0.19892 -0.314225 -0.323766 -0.147519 
0.606148
-0.0559739 -0.0678329 -0.142499 0.127724 -0.133671 -0.320321 -0.192373 -0.00427323 0.0133074 0.137769 -0.199066 0.023414 0.0387267 -0.326153 -0.0906609 -0.343858 -0.161275 -0.462462 -0.0817955 -0.0184117 -0.096188 0.199767 0.316876 0.606042 
0.375118
0.176841 0.182991 0.268733 -0.254182 -0.207108 -0.378342 0.00601253 -0.236588 -0.253042 -0.444423 -0.542248 0.367838 -0.116834 0.744369 0.302132 -0.244162 -0.196602 -0.225145 -0.0698522 0.0245677 -0.109918 0.177505 -0.168349 -0.0689596 
-0.126169
0.359244 -0.0845998 0.270589 0.501204 0.233851 0.113022 -0.343941 0.403507 0.216881 -0.00269329 0.115003 -0.330313 -0.193171 -0.348711 -0.493563 -0.395741 -0.0516867 0.737719 -0.480043 -0.112914 -0.0159585 0.223263 0.395516 -0.229282 
0.0408373
0.17859 0.264975 -0.368816 -0.546666 0.161528 0.221915 -0.177316 -0.260758 0.260159 -0.665853 -0.00342542 -0.000549213 -0.0638079 0.0294305 0.0188714 0.180161 -0.196617 -0.242987 0.140239 0.422176 0.0722525 0.331303 -0.21104 0.060401 

