5
4
4 4
4 4
1
1 8 8
-0.0278266
0.218 0.0253188 0.100317 0.224285 0.0789668 0.0955416 0.0374417 0.19004 0.211162 0.128509 0.0906968 0.294382 0.246988 0.273809 0.266564 0.10801 
-0.0975973
0.2895 0.125442 -0.208052 -0.244965 0.148624 -0.0794079 -0.363792 -0.0824913 0.261719 0.00225144 0.102822 0.268792 0.125721 0.207832 0.426926 -0.135932 
-0.0565958
0.2605 0.239321 0.181445 0.154651 0.0203374 0.0383536 0.180969 0.0621453 0.00195714 0.292219 0.090132 0.17801 0.130723 0.159086 0.0469181 0.0857091 
-0.100066
0.0061 0.0901621 -0.0610865 -0.126917 0.0246235 -0.107884 -0.196102 0.11824 0.00216054 0.00877219 0.260382 0.158247 0.0983786 0.31715 0.343642 0.00381944 

10
2 2
1 1
1
4 2 2
-0.0271756
0.177858 0.0833556 0.0547879 0.10315 0.13625 0.232663 0.218934 -0.0291381 -0.040262 0.19745 0.311459 0.158966 0.187645 0.258371 0.149449 0.198328 
-0.0280445
0.253128 0.256627 0.0784029 0.0620331 0.175923 0.255391 0.30802 0.10641 0.0468761 0.133404 -0.0395593 0.0979724 0.0378864 0.0625598 0.224338 0.204347 
-0.0193009
0.114948 -0.00499167 0.055832 0.119524 0.16788 0.104582 0.170338 0.129584 0.194596 0.181529 0.233185 0.254977 0.145433 0.12683 -0.00757166 -0.00151643 
-0.120164
-0.00924503 -0.418996 -0.0301332 0.071756 0.458872 -0.190754 0.026386 -0.0279308 -0.151035 -0.180065 0.537085 0.0814017 0.260226 0.292119 0.114815 0.106751 
-0.154503
0.0203038 -0.301132 0.0707221 0.0496908 0.514422 -0.0585442 -0.148434 -0.0344497 -0.0561627 -0.106615 0.413871 0.0758334 0.274106 0.0960748 0.0342284 -0.0491079 
-0.00736243
0.292012 0.19543 0.0200566 0.12707 0.0512561 0.203509 0.027502 0.202995 0.235511 0.116433 0.203139 0.270848 0.157853 0.077066 0.236674 0.0429111 
-0.017173
0.1583 0.18671 0.187665 0.0922208 0.0899235 0.00890865 0.255983 0.0458028 -0.0276245 0.140075 0.049078 0.197721 0.107187 -0.00630673 0.0515243 0.135427 
-0.00876338
0.0211263 0.279734 0.072599 0.0792633 0.0668405 0.280202 0.00234638 0.0658108 0.212639 0.256066 0.149654 0.167243 0.246519 0.117662 0.2923 0.217726 
-0.0130929
0.132686 0.252599 0.189391 0.207853 0.10672 0.170567 0.0612299 0.293791 0.13315 0.0994278 -0.0406927 0.0597296 0.253947 0.0310278 0.195732 0.272477 
-0.0524593
0.0362542 0.184563 -0.0214617 0.0215658 0.131487 0.303782 0.109222 0.151343 0.14964 0.246854 -0.0757421 0.169909 0.0438688 0.0703311 0.188294 0.0993287 

3
1 1
1 1
1
10 1 1
0.0187626
0.209844 -0.168144 0.133237 0.705376 0.648429 0.0706188 0.0600989 -0.0704414 -0.103931 -0.176317 
0.0265525
0.0602077 0.0299843 0.0399822 0.228933 0.27548 0.0674875 -0.00626491 0.090846 -0.0531342 -0.120561 
-0.0861184
-4.6223e-005 0.102135 -0.0244433 -0.202342 -0.0216249 -0.0914188 0.121667 -0.146319 0.0350909 0.0408857 

5
1 1
1 1
1
3 1 1
0.0667011
0.395478 0.144476 -0.0608641 
-0.0739364
-0.450096 -0.203895 0.101615 
0.0670951
0.420013 0.128006 -0.0831701 
-0.0436529
-0.238385 -0.0776813 0.0165393 
-0.00623286
-0.0468897 0.0659377 0.0133677 

10
1 1
1 1
1
5 1 1
0.0939732
0.125587 -0.00423434 0.105419 0.0442243 0.0309212 
0.112984
0.100196 0.0310832 0.0725189 0.0526123 0.0414713 
0.0663718
-0.0382204 0.199389 -0.0686859 0.136438 0.0406337 
0.0552892
-0.108548 0.283743 -0.139482 0.175298 0.0348094 
0.16575
0.314589 -0.219817 0.300789 -0.0717296 0.0209872 
0.0905408
0.0527006 0.0879044 0.0237674 0.0860685 0.0433777 
0.138465
0.343225 -0.244495 0.333346 -0.0903584 0.0132664 
0.0880183
-0.0703411 0.224975 -0.0963813 0.160295 0.0401876 
0.122605
0.027074 0.119958 -0.00384014 0.0950043 0.0441822 
0.0773892
-0.0179682 0.179525 -0.0512663 0.11839 0.0431281 

