3
6
4 4
4 4
1
1 8 8
-0.295668
0.2901 0.271004 0.266265 -0.162766 0.249993 0.139324 0.0404307 -0.0699338 0.0609407 0.0213932 0.232182 0.112416 0.00539752 0.129695 -0.1164 0.31622 
-0.23513
0.066 0.175966 0.0926733 0.00201197 0.181337 -0.11959 -0.258169 0.00128915 0.00786189 0.158487 0.0458857 0.214452 0.26757 0.264559 0.330392 0.164866 
0.0144078
0.0203 0.119194 0.400825 -0.11328 0.253034 0.391624 0.108508 0.00130558 0.151145 0.091307 -0.209763 -0.0154592 0.221396 0.363493 -0.107195 -0.196708 
-0.417604
0.1286 0.0248402 0.259064 -0.0908643 0.281167 -0.117647 0.0491891 -0.145353 0.109469 -0.0789136 0.112697 -0.0994489 0.0870809 0.0915215 0.312389 0.466007 
-0.16286
0.0971 0.255294 0.350918 -0.351351 0.228957 -0.00390219 0.238743 0.14863 0.135291 0.0448023 0.42131 0.00354785 0.0827614 0.203074 0.206864 -0.504301 
-0.274526
0.0097 0.234768 0.134861 0.20497 0.289211 0.0929323 0.51828 0.359034 0.168708 -0.0744312 0.285603 -0.513932 0.0847025 -0.597357 -0.0491321 0.301537 

10
2 2
1 1
1
6 2 2
-0.0713294
0.0748048 -0.0384853 -0.214395 -0.00527341 -0.3447 0.00902247 0.800643 0.357925 0.27731 0.0957824 0.00262824 -0.119424 -0.220274 -0.00989676 -0.257359 0.314993 -0.0853966 -0.004935 0.0467575 -0.190913 -0.0342536 0.469297 0.243619 -0.0564197 
0.183764
-0.596259 -0.644907 0.230797 -0.211417 -0.432603 -0.00350839 0.230824 0.110398 0.171813 0.0184619 0.0409569 0.119012 -0.464868 0.827134 0.0327224 -0.0859172 -0.0647771 0.172458 0.359916 0.325948 -0.277122 0.0144817 -0.199348 0.191428 
0.0102563
-0.0150094 0.0844504 0.351216 0.0448583 -0.0413683 0.156758 -0.0128644 -0.395676 0.265127 0.219631 0.222818 0.144207 -0.0554583 0.0612343 0.117884 0.408597 0.219915 0.340307 -0.191774 -1.00212 -0.0933147 -0.0608236 0.464612 0.148707 
-0.248624
0.245355 -0.318165 -0.114768 0.24944 -0.182196 0.234653 -0.0880256 0.35657 -0.0908709 0.0496331 -0.0650917 -0.1309 -0.0750638 -0.465151 -0.768703 0.302632 0.106798 0.0836742 0.144542 -0.29045 0.310446 -0.0102138 0.778695 -0.256542 
-0.214429
0.430884 -0.51088 -0.247092 -0.657886 0.123888 0.383258 0.385645 0.461647 0.669716 -0.0981133 -0.0219871 0.660475 0.0972932 0.0958278 -0.422435 0.0869316 0.351188 0.301348 -0.225371 -0.304657 -0.227454 -0.259413 0.0361379 0.431767 
0.00630777
0.148197 0.569517 0.169822 -0.414484 -0.162279 -0.334684 -0.810656 0.264316 0.305361 -0.175694 -0.334488 0.258631 -0.140374 -0.0117509 0.643705 -0.300752 0.16108 -0.469806 0.274451 0.292297 0.416286 0.00672512 -0.184942 -0.00336635 
-0.554357
-0.28665 -0.555048 -0.134081 0.265403 -0.165806 0.340121 -0.756638 -0.268502 -0.094183 0.60193 -0.0745909 -0.275007 0.0101751 -0.164297 0.17355 -0.420163 -0.24133 0.505933 -0.0738718 0.233976 0.306168 -0.137627 -0.187452 -0.0760984 
-0.110225
-0.0221822 -0.3539 0.472407 -1.45813 0.202133 0.388845 -0.345474 0.256884 -0.172279 0.689343 -0.448653 0.703751 -0.249301 -0.208971 0.121662 0.798057 0.184173 -0.275644 0.164535 -0.190749 -0.360088 0.371703 -0.2352 -0.507033 
-0.0600162
0.0194114 -0.584312 -0.0338855 -0.822433 -0.336122 0.153914 0.119135 0.160055 -0.225209 0.0404926 -0.0389255 -0.163928 0.0700231 0.428373 -0.644745 0.20509 0.28924 0.669904 0.0578269 0.157686 0.363921 -0.627209 0.187145 -0.165781 
0.646595
-0.272385 0.714212 -0.215043 0.223189 0.102862 -0.512258 0.683649 -0.443847 -0.0994961 -0.324249 0.528427 -1.06004 0.060568 0.453668 -0.209533 0.296359 0.388134 -0.039374 -0.17709 0.288224 0.305259 -0.182789 -0.0909155 -0.728046 

10
1 1
1 1
1
10 1 1
0.018859
-0.342109 0.240452 0.240089 -0.173688 -0.0749487 0.18854 -0.106541 0.173436 0.0229768 -0.0153555 
0.140832
0.064386 -0.182828 -0.238286 0.0564938 0.112081 -0.409593 -0.0324088 0.391315 -0.117798 -0.0472181 
0.0653376
0.429486 0.245244 -0.109792 0.145564 0.108446 0.168672 -0.0601729 0.106226 0.261873 0.036366 
0.0130823
0.32203 0.117702 -0.145509 -0.191325 0.0782658 0.253811 0.170177 -0.114768 -0.156495 -0.11579 
-0.00660988
-0.262012 0.279692 0.208117 0.0476775 0.121843 -0.341756 -0.245913 -0.181567 0.0213878 -0.106564 
0.0368308
-0.0488804 -0.372523 0.166919 -0.330153 0.106657 0.187321 -0.135303 -0.20522 -0.0608629 0.164465 
0.166501
-0.26661 0.100158 -0.368621 0.276718 -0.281803 0.189798 -0.2777 -0.211312 -0.0783553 0.0349108 
0.242333
0.225158 0.112234 0.057866 -0.0966761 -0.206673 -0.253664 0.302808 -0.176496 -0.044809 0.228569 
0.165323
0.0287031 -0.339196 0.396022 0.345066 -0.0901438 -0.0609041 0.130867 0.219643 -0.0958011 -0.161455 
0.206514
-0.0983715 -0.208595 -0.167135 -0.0817496 0.126816 0.0271199 0.333473 0.0575895 0.176649 -0.00314228 

