2
6
4 4
4 4
1
1 8 8
0.0488
0.2311 0.17369 -0.185032 -0.131458 0.133962 0.304292 -0.111308 -0.0186756 0.0230601 0.135112 0.138682 0.0350873 0.107423 0.0874017 -0.189373 -0.116304 
0.0938
0.0889 0.26079 0.0574944 -0.39747 0.259996 -0.121945 -0.152753 -0.0793692 0.26148 0.289743 0.328211 0.226321 0.0100819 0.275982 0.0943697 0.198009 
0.0666
0.2964 0.303387 0.0828227 -0.121308 0.210633 0.335955 -0.253667 -0.146231 0.192222 -0.127088 0.148204 -0.101231 0.257637 -0.178195 0.070917 0.388279 
0.0644
0.268 0.232014 0.545704 -0.295308 0.0157418 0.495432 0.124523 0.112878 0.0796523 -0.0428205 -0.0837342 -0.00986937 0.091951 0.239245 -0.0946227 -0.261023 
0.031
0.0069 0.262193 0.413564 -0.0118843 0.221803 0.197174 -0.415027 -0.112557 0.137526 -0.130726 0.057123 0.263282 0.0795242 0.463077 0.202293 -0.331573 
0.0443
0.0535 -0.150246 -0.0891288 0.0192893 0.0865792 -0.152331 -0.223643 -0.282819 0.107442 0.0688307 -0.436863 0.404004 0.127908 0.500358 -0.230946 0.239305 

10
2 2
1 1
1
6 2 2
0.0838
0.238723 0.890067 -0.458109 -0.299541 0.130939 0.395983 0.547098 -0.21351 -0.333055 -0.332938 0.114239 -0.306781 0.018745 -0.761528 0.253021 0.421252 0.125111 0.208747 -0.22538 -0.0543281 0.0949703 -0.425456 0.087069 0.14467 
0.0406
-0.0224711 0.116849 -0.134243 -0.358592 0.17173 -0.135723 0.0494723 0.120995 0.0124825 0.136116 -0.0817613 0.231513 -0.23711 -0.0210878 -0.0484879 0.00865062 0.226426 0.0160979 -0.0438611 -0.137829 0.367698 0.16595 0.144288 0.402212 
0.0663
0.304741 -0.437953 0.226812 0.139613 -0.257278 0.400925 0.155092 0.750068 -0.106035 0.373151 -0.359792 -0.271348 0.217803 -0.273747 -0.0731268 -0.843941 0.00900027 -0.00450763 0.050363 0.340645 -0.262718 0.101211 -0.0630547 0.215719 
0.0777
0.42936 -0.131726 0.268834 0.629427 -0.452037 0.253862 0.0431905 0.0255831 0.150885 0.280479 0.324858 -0.130164 0.1134 0.26701 -0.0839486 0.240509 -0.110905 -0.670482 0.0749829 -0.385172 0.300638 0.0419441 0.0932945 -0.323521 
0.0914
0.123242 -0.475847 0.630868 -0.497047 -0.00952969 0.565106 -0.483973 -0.35609 0.152154 0.00650612 0.370121 0.955728 -0.0140229 -0.175328 0.170555 0.16956 0.130458 -0.141387 0.0828822 -0.0954356 -0.106908 0.164531 -0.136105 0.0588449 
0.0384
-0.345018 -0.743558 -0.187266 -0.0951686 0.441453 -1.33037 0.0655964 -0.285458 -0.0285888 0.522672 0.304495 0.147351 0.290387 0.675721 -0.00061114 0.26544 0.10884 0.519123 -0.0108505 -0.237654 -0.0698314 0.130191 0.189152 0.185617 
0.0835
-0.0653812 -0.26643 -0.528355 0.388847 -0.103876 -0.504249 0.346665 0.785223 0.0103179 0.0816762 -0.5645 -0.546905 -0.324157 0.388036 0.23509 0.119409 0.0397132 -0.495591 0.0292998 -0.0927434 -0.074462 0.0495978 -0.0308059 -0.326053 
0.0106
-0.349835 -0.597086 -0.200999 -0.392051 -0.361839 -0.0497141 -0.12577 -0.391085 -0.17974 0.0362711 -0.421184 0.401596 0.0137161 0.356103 -0.00431111 0.164246 -0.118796 0.683606 0.164784 0.223683 -0.0259455 -0.247235 0.00753695 -0.127023 
0.0164
-0.0552093 0.942489 -0.2251 0.585469 0.192727 0.177266 -0.151016 -0.228386 0.062118 -0.422123 -0.0171531 0.225462 0.0592298 -0.257091 -0.145181 -0.525322 -0.280601 -0.222046 -0.346199 -0.0452555 0.0110325 -0.10973 -0.417504 0.0797766 
0.0769
-0.345681 0.25349 0.451641 -0.0677608 0.360346 0.587531 -0.391605 0.127771 0.213417 -0.670447 0.364439 -0.717785 -0.163192 0.225975 -0.367862 -0.00463722 -0.144136 -0.19824 0.223819 0.432228 -0.258462 0.109226 0.0237796 -0.300576 

