5
4
4 4
4 4
1
1 8 8
-0.0281661
0.218 0.025311 0.100263 0.224085 0.0789667 0.0955077 0.0372142 0.189689 0.211162 0.128493 0.0904467 0.294312 0.246988 0.273734 0.266194 0.107899 
-0.102005
0.2895 0.124863 -0.216662 -0.250862 0.148442 -0.0840159 -0.378427 -0.100285 0.261502 -0.000467026 0.0927883 0.268625 0.125621 0.207358 0.409506 -0.141763 
-0.0570385
0.2605 0.239529 0.183218 0.154933 0.0203529 0.0391659 0.183152 0.0645181 0.00197839 0.292011 0.0911318 0.176515 0.130732 0.158526 0.0491488 0.0860892 
-0.101268
0.0061 0.0893824 -0.0666062 -0.130051 0.0245491 -0.111348 -0.203801 0.107875 0.0020701 0.00778687 0.258133 0.157748 0.098339 0.318376 0.336957 0.00185419 

10
2 2
1 1
1
4 2 2
-0.0288646
0.175927 0.0833502 0.0527719 0.102438 0.137137 0.236677 0.217743 -0.0310196 -0.0418977 0.19613 0.310954 0.158634 0.186991 0.260671 0.147741 0.196818 
-0.0276493
0.254094 0.256242 0.0793562 0.0618296 0.175155 0.251748 0.309741 0.107497 0.0478536 0.134434 -0.0399605 0.0973313 0.0380942 0.0604618 0.22595 0.205382 
-0.0200596
0.113947 -0.00491348 0.0546363 0.119258 0.168256 0.107153 0.169588 0.128479 0.193791 0.180825 0.232877 0.254894 0.145057 0.1283 -0.00861467 -0.00248733 
-0.126781
-0.0187707 -0.418415 -0.038664 0.0697832 0.464123 -0.171848 0.0163324 -0.0356944 -0.160161 -0.186794 0.536607 0.0835879 0.256604 0.304635 0.102759 0.0974784 
-0.161966
0.0110577 -0.301644 0.061496 0.0468965 0.518283 -0.0408184 -0.15556 -0.0427318 -0.0641971 -0.1139 0.411928 0.0761106 0.269896 0.107225 0.0245172 -0.0577945 
-0.00768348
0.291621 0.195377 0.0195996 0.127028 0.0513139 0.204789 0.0272257 0.202508 0.235266 0.115936 0.203075 0.270815 0.157662 0.0776862 0.236344 0.0426301 
-0.0175518
0.157876 0.186589 0.187368 0.0921002 0.0901181 0.00934478 0.255725 0.0455156 -0.0280192 0.139718 0.0490374 0.197765 0.10701 -0.00602101 0.051172 0.13519 
-0.00856225
0.02138 0.279836 0.0726705 0.0792968 0.0667819 0.280213 0.00246918 0.0659348 0.212888 0.256254 0.149631 0.167101 0.246683 0.11765 0.292456 0.217779 
-0.0132371
0.132821 0.252306 0.189821 0.207582 0.106632 0.168502 0.0618965 0.294381 0.13321 0.099823 -0.0409177 0.0594269 0.253914 0.0299008 0.196254 0.272891 
-0.0511727
0.0380396 0.184206 -0.0195092 0.0220589 0.130341 0.299072 0.111231 0.15337 0.151322 0.24802 -0.0756143 0.169813 0.0442355 0.0674573 0.190629 0.101243 

3
1 1
1 1
1
10 1 1
0.0129858
0.210148 -0.172007 0.130834 0.706905 0.652306 0.0669815 0.0532387 -0.0724139 -0.109523 -0.175643 
0.0286152
0.0631136 0.0317196 0.0415985 0.227085 0.275236 0.0696181 -0.00675688 0.0936157 -0.0518423 -0.117454 
-0.0873179
-0.00150783 0.101311 -0.0252524 -0.201347 -0.0213941 -0.09254 0.121906 -0.147742 0.0344566 0.0393549 

5
1 1
1 1
1
3 1 1
0.071785
0.393057 0.143623 -0.0609315 
-0.0792793
-0.448225 -0.203609 0.102066 
0.0720997
0.417846 0.12682 -0.0833041 
-0.0465793
-0.236082 -0.0767507 0.0162363 
-0.00711555
-0.0464694 0.0670572 0.0132014 

10
1 1
1 1
1
5 1 1
0.101971
0.139826 -0.0220333 0.12012 0.0362772 0.0311574 
0.108365
0.112954 0.0152656 0.0851492 0.0452304 0.0426566 
0.0944661
-0.0543376 0.218486 -0.0856142 0.145831 0.0414478 
0.0593783
-0.108094 0.284103 -0.138349 0.174998 0.0327132 
0.157666
0.321575 -0.227749 0.308249 -0.0758689 0.0202286 
0.104717
0.054277 0.0856556 0.0249441 0.0850213 0.0444047 
0.156065
0.326137 -0.223495 0.315996 -0.0805369 0.01249 
0.0831677
-0.0546844 0.206869 -0.0796682 0.150927 0.0386189 
0.0733623
0.0315154 0.114388 0.000791875 0.0925102 0.0444594 
0.076289
-0.0396385 0.205083 -0.0741481 0.131097 0.0447415 

