4
4
2 2
2 2
1
1 8 8
0.0615
0.1104 0.2676 0.2295 0.1291 
0.0482
0.2229 0.1003 0.0556 0.2173 
0.0801
0.0967 0.2996 0.2518 0.0567 
0.0636
0.0044 0.1524 0.002 0.2798 

6
2 2
2 2
1
4 4 4
0.0711
0.2397 0.2583 0.1362 0.2194 0.0024 0.1925 0.0185 0.2777 0.0246 0.1422 0.0032 0.2958 0.2478 0.2513 0.2397 0.2997 
0.0988
0.151 0.2929 0.261 0.0492 0.2761 0.0854 0.2429 0.1797 0.144 0.0886 0.0488 0.0491 0.2171 0.003 0.1795 0.1123 
0.0369
0.1915 0.2243 0.0048 0.0207 0.0532 0.183 0.2226 0.1427 0.0464 0.2714 0.0499 0.1361 0.2585 0.0422 0.2108 0.0502 
0.0609
0.2665 0.2203 0.1708 0.0931 0.1714 0.1808 0.0093 0.0142 0.2383 0.1576 0.285 0.0885 0.113 0.1682 0.2993 0.2667 
0.0183
0.2848 0.2741 0.1813 0.1973 0.1248 0.2459 0.1288 0.1485 0.2755 0.0986 0.1078 0.0804 0.0806 0.041 0.0466 0.2752 
0.0618
0.2921 0.2316 0.2301 0.0706 0.0409 0.1521 0.2889 0.0893 0.2646 0.1042 0.0369 0.1248 0.035 0.1713 0.266 0.0513 

10
2 2
1 1
1
6 2 2
0.0096
0.051 0.1127 0.0101 0.0641 0.1288 0.0998 0.2018 0.2332 0.1038 0.1611 0.0075 0.0358 0.1193 0.2576 0.0535 0.1023 0.2638 0.1177 0.0675 0.0121 0.2518 0.2328 0.1316 0.2268 
0.0567
0.0958 0.0988 0.0997 0.0828 0.0404 0.002 0.0783 0.0961 0.2729 0.1577 0.0274 0.0666 0.2484 0.2186 0.1963 0.1236 0.0148 0.028 0.1725 0.2067 0.1189 0.1479 0.2463 0.2549 
0.0378
0.1356 0.2045 0.0615 0.1738 0.1719 0.0259 0.0647 0.2228 0.1475 0.1471 0.2913 0.1847 0.262 0.2591 0.1062 0.2108 0.1056 0.1411 0.2762 0.0436 0.0937 0.1748 0.2421 0.2697 
0.0893
0.1325 0.1357 0.2104 0.2168 0.2041 0.1378 0.257 0.2787 0.2941 0.0658 0.1019 0.2197 0.2408 0.2805 0.1898 0.0786 0.24 0.1548 0.1906 0.2345 0.1574 0.2229 0.1601 0.181 
0.0659
0.0322 0.0119 0.1512 0.2926 0.2139 0.0121 0.0201 0.0696 0.0577 0.0671 0.2579 0.1791 0.1917 0.077 0.2177 0.2306 0.2656 0.0731 0.1886 0.1033 0.134 0.216 0.0306 0.1127 
0.0009
0.0687 0.2219 0.0764 0.2863 0.1736 0.0518 0.2335 0.2921 0.2229 0.2406 0.113 0.1381 0.0174 0.2684 0.2685 0.2374 0.2443 0.0711 0.0672 0.0943 0.1337 0.1446 0.1875 0.2218 
0.0821
0.1412 0.0617 0.0699 0.1557 0.129 0.2772 0.2311 0.2724 0.1684 0.0354 0.181 0.2624 0.1805 0.1665 0.1199 0.1502 0.2444 0.0455 0.2052 0.0726 0.0403 0.1989 0.2924 0.1476 
0.0157
0.2876 0.2374 0.2558 0.2617 0.0769 0.2782 0.0654 0.1724 0.2333 0.2315 0.0522 0.1403 0.1768 0.1865 0.0595 0.2809 0.0463 0.0671 0.0267 0.1862 0.1587 0.2164 0.2642 0.2401 
0.0191
0.2574 0.2002 0.088 0.1775 0.2307 0.1562 0.0421 0.122 0.0651 0.1376 0.089 0.0346 0.2925 0.1274 0.2496 0.1519 0.2298 0.1839 0.0717 0.2626 0.2047 0.0074 0.0853 0.114 
0.018
0.2479 0.1362 0.019 0.012 0.1856 0.0614 0.1188 0.2052 0.0114 0.2968 0.2595 0.0363 0.0532 0.0814 0.2983 0.2431 0.032 0.057 0.0048 0.1216 0.2445 0.096 0.1742 0.2745 

10
1 1
1 1
1
10 1 1
0.0322
0.2634 0.1651 0.121 0.0166 0.2359 0.2864 0.0501 0.1312 0.1265 0.2275 
0.028
0.2211 0.1661 0.2574 0.2526 0.1238 0.1241 0.0604 0.0883 0.1865 0.0605 
0.0625
0.1038 0.1905 0.0627 0.2662 0.1711 0.1604 0.1194 0.2736 0.2569 0.1434 
0.0039
0.1299 0.1554 0.1052 0.0794 0.2172 0.2925 0.1897 0.2757 0.0597 0.1486 
0.053
0.1383 0.0908 0.1053 0.236 0.089 0.007 0.2151 0.1157 0.1223 0.152 
0.0985
0.1782 0.1377 0.003 0.2888 0.1171 0.0996 0.2264 0.0381 0.0717 0.251 
0.0322
0.0092 0.0912 0.2045 0.0737 0.2926 0.2709 0.2313 0.0422 0.0765 0.1275 
0.0962
0.2575 0.1169 0.0414 0.1421 0.0633 0.1376 0.0067 0.0132 0.2149 0.1219 
0.0382
0.2908 0.269 0.1295 0.2501 0.1267 0.1303 0.2881 0.1424 0.0281 0.1764 
0.0005
0.1866 0.2638 0.1705 0.1106 0.0211 0.0733 0.2686 0.1615 0.2582 0.1911 

